ROUGE-1: 0.43636363636363634
ROUGE-L: 0.32727272727272727
BLEU-1: 0.43636363636363634
BLEU-4: 0.08236897568080574
