ROUGE-1: 0.36363636363636365
ROUGE-L: 0.2545454545454545
BLEU-1: 0.36363636363636365
BLEU-4: 0.0005020441608478098
